4294967294,0
4294967278,27
4294967278,26
4294967278,25
4294967278,24
4294967278,23
4294967278,22
4294967278,21
4294967278,20
4294967279,520
4294967278,266
4294967279,280
4294967278,19
4294967278,18
4294967279,573
4294967279,80
4294967279,79
4294967279,78
4294967279,75
4294967279,68
4294967279,66
4294967279,65
4294967279,64
4294967279,60
4294967279,58
4294967279,54
4294967279,51
4294967279,330
4294967279,47
4294967279,46
4294967279,45
4294967279,44
4294967279,42
4294967279,38
4294967279,37
4294967279,36
4294967279,35
4294967279,33
4294967279,32
4294967279,24
4294967279,23
4294967279,21
4294967279,18
4294967279,14
4294967279,13
4294967279,246
4294967278,243
4294967279,239
4294967278,237
4294967278,233
4294967279,348
4294967279,334
4294967278,217
4294967278,215
4294967279,333
4294967278,392
4294967278,356
4294967279,313
4294967278,209
4294967279,572
4294967279,312
4294967278,320
4294967279,347
4294967278,316
4294967279,311
4294967278,354
4294967279,537
4294967278,353
4294967279,199
4294967279,308
4294967278,344
4294967279,197
4294967278,351
4294967279,535
4294967278,350
4294967279,346
4294967278,386
4294967279,306
4294967278,315
4294967279,321
4294967279,555
4294967279,86
4294967278,383
4294967278,370
4294967279,531
4294967278,313
4294967279,304
4294967279,303
4294967278,311
4294967279,302
4294967278,345
4294967279,297
4294967279,529
4294967278,390
4294967279,552
4294967278,303
4294967279,295
4294967279,294
4294967279,569
4294967278,301
4294967278,341
4294967279,160
4294967278,402
4294967279,85
4294967279,76
4294967279,567
4294967279,83
4294967278,401
4294967279,547
4294967278,340
4294967279,290
4294967279,149
4294967278,400
4294967279,524
4294967278,365
4294967279,145
4294967279,327
4294967279,523
4294967278,336
4294967279,562
4294967279,137
4294967278,137
4294967279,286
4294967279,285
4294967278,388
4294967279,284
4294967279,268
4294967279,270
4294967278,275
4294967279,266
4294967279,329
4294967279,522
4294967279,263
4294967279,262
4294967279,261
4294967279,71
4294967279,70
4294967278,395
4294967279,259
4294967278,280
4294967279,274
4294967279,255
4294967278,332
4294967279,331
4294967278,360
4294967278,359
4294967278,329
4294967279,542
4294967278,255
4294967278,327
4294967278,387
4294967279,319
4294967278,252
4294967278,250
4294967278,249
4294967279,345
4294967279,244
4294967278,242
4294967279,236
4294967278,323
4294967279,326
4294967278,235
4294967279,234
4294967279,174
4294967279,232
4294967278,231
4294967279,227
4294967279,48
4294967278,192
4294967294,477
4294967294,30
4294967294,942
4294967294,938
4294967294,436
4294967294,830
4294967294,828
4294967294,12
4294967294,11
4294967279,53
4294967279,43
4294967279,34
4294967279,29
4294967279,27
4294967279,25
4294967279,19
4294967279,17
4294967279,16
4294967279,11
4294967278,314
4294967279,556
4294967278,349
4294967278,188
4294967278,348
4294967278,347
4294967279,570
4294967278,371
4294967279,553
4294967278,312
4294967278,310
4294967279,344
4294967279,538
4294967278,309
4294967278,132
4294967278,131
4294967278,130
4294967278,256
4294967278,129
4294967278,358
4294967278,128
4294967278,127
4294967278,126
4294967278,125
4294967278,124
4294967278,324
4294967278,123
4294967278,122
4294967278,121
4294967278,120
4294967278,119
4294967278,118
4294967278,117
4294967278,116
4294967278,115
4294967278,373
4294967278,114
4294967278,113
4294967278,112
4294967278,111
4294967278,110
4294967278,109
4294967278,108
4294967278,107
4294967278,106
4294967278,105
4294967278,104
4294967278,103
4294967278,102
4294967278,101
4294967278,357
4294967278,100
4294967278,99
4294967278,98
4294967278,97
4294967278,96
4294967278,95
4294967278,94
4294967278,93
4294967278,92
4294967278,91
4294967278,90
4294967278,352
4294967278,89
4294967278,318
4294967278,87
4294967278,86
4294967278,317
4294967278,85
4294967278,84
4294967278,83
4294967278,82
4294967278,81
4294967278,80
4294967278,79
4294967278,78
4294967278,77
4294967278,76
4294967278,75
4294967278,74
4294967278,73
4294967278,72
4294967278,71
4294967278,70
4294967278,69
4294967278,68
4294967278,67
4294967278,66
4294967278,65
4294967278,64
4294967279,87
4294967279,84
4294967279,82
4294967279,0
4294967279,77
4294967279,74
4294967279,73
4294967279,72
4294967279,69
4294967279,67
4294967279,63
4294967279,62
4294967279,57
4294967279,50
4294967279,49
4294967279,41
4294967279,40
4294967279,39
4294967279,26
4294967279,22
4294967279,20
4294967279,15
4294967279,12
4294967279,10
4294967279,9
4294967279,8
4294967279,7
4294967279,6
4294967279,4
4294967279,61
4294967278,305
4294967294,476
4294967279,59
4294967279,296
4294967279,343
4294967279,56
4294967294,41
4294967294,38
4294967279,55
4294967294,42
4294967294,36
4294967294,39
4294967278,343
4294967279,550
4294967294,1416
4294967279,52
4294967279,528
4294967278,163
173,6
173,5
4294967294,950
173,4
4294967294,419
4294967294,46
173,3
173,2
173,1
4294967278,399
4294967278,346
4294967294,424
4294967278,297
4294967294,50
4294967294,91
4294967294,90
4294967294,87
4294967294,86
4294967294,85
4294967294,84
4294967294,921
4294967294,949
4294967294,28
4294967278,361
4294967278,0
4294967279,156
4294967279,291
4294967278,368
4294967294,37
4294967294,40
4294967294,45
4294967294,427
4294967294,53
4294967294,52
4294967278,153
4294967278,148
4294967278,149
4294967294,51
4294967294,437
4294967294,9
4294967294,96
